1;13.512191973655556;-41.01843445504111;58.10543885717555;	74.4564655809;-13.2084054029;53.7596149329;
1;13.512191973655556;-41.01843445504111;58.10543885717555;	54.4206003618;-81.2960370195;52.1589074665;
1;13.512191973655556;-41.01843445504111;58.10543885717555;	-30.0515385021;-62.2421925295;73.4321918489;
1;13.512191973655556;-41.01843445504111;58.10543885717555;	-92.9825332559;4.57214880356;69.5989664436;
1;13.512191973655556;-41.01843445504111;58.10543885717555;	-2.87064792035;-77.3653416539;-16.7027921792;
1;13.512191973655556;-41.01843445504111;58.10543885717555;	64.0937038287;-47.0977078255;69.8131513495;
1;13.512191973655556;-41.01843445504111;58.10543885717555;	-17.9843794167;-50.3068728472;10.1325390796;
2;22.34091956086667;48.847963746916676;46.49618155089867;	-45.4687068234;23.3621147669;25.9224187831;
2;22.34091956086667;48.847963746916676;46.49618155089867;	61.0969781791;49.5406088952;0.190886562549;
2;22.34091956086667;48.847963746916676;46.49618155089867;	73.644124462;3.82264319522;53.1557931184;
2;22.34091956086667;48.847963746916676;46.49618155089867;	23.393944467;95.1138789634;38.264079998;
2;22.34091956086667;48.847963746916676;46.49618155089867;	24.9729553869;61.958643132;33.8448323474;
2;22.34091956086667;48.847963746916676;46.49618155089867;	57.2207666339;97.9238590064;0.10148986654;
2;22.34091956086667;48.847963746916676;46.49618155089867;	-58.2729952506;23.2859348777;24.2098873242;
2;22.34091956086667;48.847963746916676;46.49618155089867;	-48.9939971408;57.3209980219;24.560372113;
2;22.34091956086667;48.847963746916676;46.49618155089867;	86.343763382;85.2543778957;75.7005256049;
2;22.34091956086667;48.847963746916676;46.49618155089867;	16.1582261055;61.548885829;96.0625246366;
2;22.34091956086667;48.847963746916676;46.49618155089867;	51.7835335245;90.400785904;-9.74831189543;
2;22.34091956086667;48.847963746916676;46.49618155089867;	4.57720018698;39.7826821019;16.1930148355;
2;22.34091956086667;48.847963746916676;46.49618155089867;	61.3107540318;87.9604203942;-2.68187793442;
2;22.34091956086667;48.847963746916676;46.49618155089867;	84.0913634407;-4.90152636595;8.57608321564;
2;22.34091956086667;48.847963746916676;46.49618155089867;	32.0093763945;10.1421696421;53.6832666733;
2;22.34091956086667;48.847963746916676;46.49618155089867;	-26.8800897714;57.9066617028;27.8851501735;
2;22.34091956086667;48.847963746916676;46.49618155089867;	54.7054860131;23.0016440111;36.9174609159;
1;13.512191973655556;-41.01843445504111;58.10543885717555;	62.7667756886;-65.8901042708;37.4288744493;
1;13.512191973655556;-41.01843445504111;58.10543885717555;	-28.5178949489;-27.7952564071;24.8629715678;
1;13.512191973655556;-41.01843445504111;58.10543885717555;	-59.0745508299;-85.7359981769;30.5147530659;
1;13.512191973655556;-41.01843445504111;58.10543885717555;	-85.9096766083;-27.6234135592;73.892799016;
1;13.512191973655556;-41.01843445504111;58.10543885717555;	-25.0673532421;3.03269962334;53.1672740463;
1;13.512191973655556;-41.01843445504111;58.10543885717555;	-76.0165920052;-59.7569270189;48.2901209367;
1;13.512191973655556;-41.01843445504111;58.10543885717555;	-0.622522641236;-93.5406578756;-36.6415494578;
1;13.512191973655556;-41.01843445504111;58.10543885717555;	-70.274708187;-69.1795329757;87.9753147008;
0;-13.858429512527438;14.023838104949713;-56.249266351690835;	-3.84959757838;25.9907600579;-4.28844600074;
0;-13.858429512527438;14.023838104949713;-56.249266351690835;	-71.5791850611;-38.75639842;-25.4041723406;
0;-13.858429512527438;14.023838104949713;-56.249266351690835;	36.6795499734;70.6646786629;-86.628116815;
0;-13.858429512527438;14.023838104949713;-56.249266351690835;	18.1529958894;0.69703201665;-70.8124200583;
0;-13.858429512527438;14.023838104949713;-56.249266351690835;	-62.3380975893;92.6716260496;-29.6996838074;
0;-13.858429512527438;14.023838104949713;-56.249266351690835;	-73.7082208806;85.6957123152;-49.9094601044;
0;-13.858429512527438;14.023838104949713;-56.249266351690835;	-79.6136141585;71.8244511085;-82.5563139455;
0;-13.858429512527438;14.023838104949713;-56.249266351690835;	35.9415140184;-16.9942648163;-76.743521031;
0;-13.858429512527438;14.023838104949713;-56.249266351690835;	2.62230215502;14.0435687547;-7.93998359104;
0;-13.858429512527438;14.023838104949713;-56.249266351690835;	-20.8928179494;-72.5061994199;-63.7894659309;
0;-13.858429512527438;14.023838104949713;-56.249266351690835;	-19.3717101533;51.95075632;-70.5050992394;
0;-13.858429512527438;14.023838104949713;-56.249266351690835;	-19.3823606292;84.0825588743;-53.4609898138;
0;-13.858429512527438;14.023838104949713;-56.249266351690835;	-49.6565671366;-37.6754842208;-50.3837827137;
0;-13.858429512527438;14.023838104949713;-56.249266351690835;	-89.2159841646;68.640349689;-82.9239050131;
0;-13.858429512527438;14.023838104949713;-56.249266351690835;	-54.4032805543;14.5371153142;-55.3213917663;
0;-13.858429512527438;14.023838104949713;-56.249266351690835;	-74.8305708645;33.0802382935;-30.5885942881;
0;-13.858429512527438;14.023838104949713;-56.249266351690835;	-65.9125961265;40.8043926791;-82.2431173276;
0;-13.858429512527438;14.023838104949713;-56.249266351690835;	-54.4652027037;-1.52577887515;-63.5788169934;
0;-13.858429512527438;14.023838104949713;-56.249266351690835;	-23.9230193503;2.82464344857;-46.0615077233;
0;-13.858429512527438;14.023838104949713;-56.249266351690835;	26.9571690586;47.6004859797;-36.0677257224;
0;-13.858429512527438;14.023838104949713;-56.249266351690835;	61.2254903276;-63.6367808468;-67.1480190072;
0;-13.858429512527438;14.023838104949713;-56.249266351690835;	-8.98053286567;-75.3986918186;-65.1901562452;
0;-13.858429512527438;14.023838104949713;-56.249266351690835;	1.87325562527;-26.0373919568;-36.6796163661;
0;-13.858429512527438;14.023838104949713;-56.249266351690835;	40.6783086242;90.1127411615;-82.8379969445;
0;-13.858429512527438;14.023838104949713;-56.249266351690835;	40.2522209093;8.33316563895;-50.7937776789;
0;-13.858429512527438;14.023838104949713;-56.249266351690835;	37.7059523684;-99.6853461973;-76.9630007879;
0;-13.858429512527438;14.023838104949713;-56.249266351690835;	27.2826858031;-27.5829171938;-68.1083846038;
0;-13.858429512527438;14.023838104949713;-56.249266351690835;	74.0710136519;75.9074036286;-91.4950680569;
0;-13.858429512527438;14.023838104949713;-56.249266351690835;	-14.1356751631;-81.9592516089;-37.6036701267;
0;-13.858429512527438;14.023838104949713;-56.249266351690835;	-41.0767935142;16.3582531117;-70.0969843392;
0;-13.858429512527438;14.023838104949713;-56.249266351690835;	-20.2925014615;28.6146593482;-74.4808345177;
0;-13.858429512527438;14.023838104949713;-56.249266351690835;	31.6086953734;-4.97912430358;-45.8678567603;
0;-13.858429512527438;14.023838104949713;-56.249266351690835;	-24.8083385996;85.3429489994;-36.9319752452;
0;-13.858429512527438;14.023838104949713;-56.249266351690835;	-37.4861133853;64.83236461;-53.5772457068;
0;-13.858429512527438;14.023838104949713;-56.249266351690835;	-10.1734068268;-37.037942711;-42.0432216968;
1;13.512191973655556;-41.01843445504111;58.10543885717555;	-63.2845248462;-87.0231811253;8.16302450879;
1;13.512191973655556;-41.01843445504111;58.10543885717555;	-64.0283102325;-21.798311463;33.9125049645;
1;13.512191973655556;-41.01843445504111;58.10543885717555;	48.1712457322;-36.5462107835;47.1597095214;
1;13.512191973655556;-41.01843445504111;58.10543885717555;	-79.8667058523;-55.9313601758;68.0241969909;
1;13.512191973655556;-41.01843445504111;58.10543885717555;	14.8682018688;-96.420676831;97.8538183425;
1;13.512191973655556;-41.01843445504111;58.10543885717555;	-17.774985863;-87.102518764;21.1679658831;
1;13.512191973655556;-41.01843445504111;58.10543885717555;	18.2574192343;-37.9164164775;65.3665866977;
1;13.512191973655556;-41.01843445504111;58.10543885717555;	-82.9335681376;-33.8443195183;77.5940329189;
1;13.512191973655556;-41.01843445504111;58.10543885717555;	63.4310729042;-4.78000007232;98.6409879304;
2;22.34091956086667;48.847963746916676;46.49618155089867;	19.3414302765;5.52650646715;29.9157755212;
2;22.34091956086667;48.847963746916676;46.49618155089867;	91.4149973476;90.0607202491;44.790688387;
2;22.34091956086667;48.847963746916676;46.49618155089867;	63.5430162941;33.5599568004;48.7462954244;
2;22.34091956086667;48.847963746916676;46.49618155089867;	56.5638978479;76.6912353673;72.0729639873;
2;22.34091956086667;48.847963746916676;46.49618155089867;	27.6866464523;40.7292132821;61.8112262551;
2;22.34091956086667;48.847963746916676;46.49618155089867;	-66.3491969402;34.8504161304;38.4771300812;
2;22.34091956086667;48.847963746916676;46.49618155089867;	-36.5003157668;51.5929821925;97.7409950042;
2;22.34091956086667;48.847963746916676;46.49618155089867;	-14.823462352;15.020573808;31.7021331604;
2;22.34091956086667;48.847963746916676;46.49618155089867;	82.4944466347;7.93132953739;54.4690950702;
2;22.34091956086667;48.847963746916676;46.49618155089867;	32.0311268755;89.5656746878;-7.34596894235;
2;22.34091956086667;48.847963746916676;46.49618155089867;	-17.5631197147;55.9099570672;43.343534044;
2;22.34091956086667;48.847963746916676;46.49618155089867;	-45.5122786789;80.2049806271;54.0223351906;
2;22.34091956086667;48.847963746916676;46.49618155089867;	16.7361550906;52.5981633917;31.7791189925;
2;22.34091956086667;48.847963746916676;46.49618155089867;	78.4788371485;4.39230704641;90.6331550614;
2;22.34091956086667;48.847963746916676;46.49618155089867;	47.5716128979;94.0854395492;5.28424602633;
1;13.512191973655556;-41.01843445504111;58.10543885717555;	86.0092890606;-95.5796448841;-7.93624496772;
1;13.512191973655556;-41.01843445504111;58.10543885717555;	43.9289222079;-21.2901409515;44.8361610525;
1;13.512191973655556;-41.01843445504111;58.10543885717555;	-60.764829127;-73.0378091859;16.6493407383;
1;13.512191973655556;-41.01843445504111;58.10543885717555;	59.3697844472;-5.85177198578;49.4733481418;
1;13.512191973655556;-41.01843445504111;58.10543885717555;	-38.584812032;-32.0994294984;93.2244330875;
1;13.512191973655556;-41.01843445504111;58.10543885717555;	41.2595018553;-95.1867890825;79.9109264082;
1;13.512191973655556;-41.01843445504111;58.10543885717555;	-60.627092175;8.31356355691;88.5304199299;
1;13.512191973655556;-41.01843445504111;58.10543885717555;	66.5423838705;-27.8445321501;78.0805907109;
1;13.512191973655556;-41.01843445504111;58.10543885717555;	-15.5234203446;-26.589355914;80.1799746132;
